20 9 4 10 48
42 6 32 2 13
57 19 72 36 78
13 62 70 21 15
10 60 43 21 62
74 17 23 61 72
44 29 11 78 40
52 29 45 82 19
11 10 52 8 49
64 31 28 46 45
38 15 88 20 39
33 88 61 3 69

20 9 4 10 43
73 65 52 63 72
28 66 65 30 5
39 67 73 18 57
82 8 44 76 79
15 18 37 89 48
30 20 56 18 59
63 90 33 77 62
66 14 37 40 6
4 41 72 38 58
90 30 28 44 67
16 20 47 15 70

20 9 4 10 38
22 20 21 72 15
50 41 49 85 57
59 86 37 50 32
31 52 1 13 77
79 52 15 54 80
84 38 49 31 13
32 51 85 13 27
45 54 37 39 72
5 86 2 3 45
33 86 6 8 44
74 21 59 90 10

